-3.574292443806135755e-01 7.107273369402903329e-01 -7.026600449941240445e-01 7.994901739530452245e-01 -5.421689904823010636e-02 -1.261183343711598459e+00 -7.066894223455499544e-03 1.465725324991006051e+00 2.224592284872864978e-01 5.916315126050394335e-01
5.888556665709195892e-01 1.065788084831807536e+00 -3.345894160098428216e-02 -2.638381880907154087e-01 1.181162268212461175e+00 6.291516661808420618e-01 -6.173963294363153942e-01 -3.551933492117010926e-01 -2.019434377377463119e-02 -6.527617597717723097e-01
-5.409643219507785927e-01 -1.824966861473474589e-01 1.770715274223868319e+00 3.234890863766380908e-01 1.508467355679257715e-01 9.963124480674523387e-02 -6.896909071822484583e-01 3.564725565729647272e-01 -3.231664725658001114e-02 -3.379356983485516386e-01
6.036644454520884162e-01 -5.455834766461886698e-01 7.577711819476665722e-01 -2.141976463215324866e+00 -3.423927347326919390e-01 5.195490055466752688e-01 7.609169854726084703e-02 -6.796753509873377785e-01 -1.155059123012126543e-01 6.038648391531438175e-01
-7.846272067095116931e-02 9.079212521234675259e-01 4.751500508573737458e-02 -3.638498461024999298e-01 1.193304249195313416e+00 -1.261307066037432589e+00 1.148578353201960001e+00 -4.874492762547308899e-01 -1.054239753311609684e+00 6.200219254156033588e-02
-1.617744431767266233e+00 6.184355740548502789e-01 -5.438772408509344736e-01 6.615323107249289070e-01 -1.191683658378873689e+00 1.155345392262091986e+00 -6.989378496244348371e-01 -9.150271787090430431e-01 7.641175106180427834e-01 7.955943576919898286e-01
-5.629970214712880505e-01 -2.997740902153141485e-01 -8.707102926679990418e-01 2.996533775196097427e-01 5.483215657843583113e-01 -1.002129499544090807e+00 1.191887590971506983e+00 -1.231099623071920002e+00 1.018607025937172672e+00 2.181219278509478887e-01
2.083935842218638701e+00 -3.788700748748217162e-01 4.063168556212561344e-01 -9.014594616978404140e-01 -3.791443360938322460e-01 -3.009739287251022577e-01 -1.057147980442756818e+00 1.193122462516935212e+00 -6.738541897055937424e-01 -5.926165152556606142e-01
-2.178061618190301196e-01 -5.723718954771237488e-01 -5.575744295907478776e-01 -3.542726873290460987e-01 -1.183783617275904199e+00 4.334894373340888452e-01 1.169175878057665541e+00 -1.273536869226378654e+00 -1.566389041381607561e-01 -1.162480427297215790e+00
6.970841483812461048e-01 -7.043001035022001810e-01 -9.405374602844739362e-01 7.291615608467063581e-01 -5.962489757193809581e-01 2.742710651468683314e-01 -1.329601415924894503e-01 -4.241204877430787556e-01 -1.065632534962941191e+00 3.509622991487019172e-01
